{
    "camera_angle_x": 0.6911112070083618,
    "frames": [
        {
            "file_path": "./train/r_17",
            "rotation": 0.012566370614359171,
            "transform_matrix": [
                [
                    0.28662192821502686,
                    -0.25357696413993835,
                    0.9238758683204651,
                    3.7242627143859863
                ],
                [
                    0.95804363489151,
                    0.07586367428302765,
                    -0.27639979124069214,
                    -1.1142032146453857
                ],
                [
                    0.0,
                    0.9643357992172241,
                    0.26468199491500854,
                    1.066967248916626
                ],
                [
                    0.0,
                    0.0,
                    0.0,
                    1.0
                ]
            ]
        },
        {
            "file_path": "./train/r_18",
            "rotation": 0.012566370614359171,
            "transform_matrix": [
                [
                    -0.09750017523765564,
                    -0.9662679433822632,
                    0.23836953938007355,
                    0.9608983993530273
                ],
                [
                    0.9952355623245239,
                    -0.09466230124235153,
                    0.023352332413196564,
                    0.09413626790046692
                ],
                [
                    -1.862645371275562e-09,
                    0.23951061069965363,
                    0.9708936214447021,
                    3.913797616958618
                ],
                [
                    0.0,
                    0.0,
                    0.0,
                    1.0
                ]
            ]
        },
        {
            "file_path": "./train/r_19",
            "rotation": 0.012566370614359171,
            "transform_matrix": [
                [
                    0.5655173063278198,
                    -0.2501452565193176,
                    0.7858863472938538,
                    3.1680095195770264
                ],
                [
                    0.8247364163398743,
                    0.17152325809001923,
                    -0.5388780236244202,
                    -2.1722869873046875
                ],
                [
                    0.0,
                    0.9528940916061401,
                    0.30330324172973633,
                    1.2226545810699463
                ],
                [
                    0.0,
                    0.0,
                    0.0,
                    1.0
                ]
            ]
        },
        {
            "file_path": "./train/r_25",
            "rotation": 0.012566370614359171,
            "transform_matrix": [
                [
                    -0.1613457202911377,
                    -0.3997095823287964,
                    0.9023301005363464,
                    3.637409210205078
                ],
                [
                    0.9868979454040527,
                    -0.06534761935472488,
                    0.14751990139484406,
                    0.5946717858314514
                ],
                [
                    3.725290298461914e-09,
                    0.914309561252594,
                    0.40501612424850464,
                    1.6326723098754883
                ],
                [
                    0.0,
                    0.0,
                    0.0,
                    1.0
                ]
            ]
        },
        {
            "file_path": "./train/r_36",
            "rotation": 0.012566370614359171,
            "transform_matrix": [
                [
                    0.7656702995300293,
                    -0.4731244146823883,
                    0.4357779026031494,
                    1.7566769123077393
                ],
                [
                    0.6432332396507263,
                    0.5631818175315857,
                    -0.5187265872955322,
                    -2.0910537242889404
                ],
                [
                    2.9802320611338473e-08,
                    0.6774803400039673,
                    0.7355409264564514,
                    2.965060234069824
                ],
                [
                    0.0,
                    0.0,
                    0.0,
                    1.0
                ]
            ]
        },
        {
            "file_path": "./train/r_43",
            "rotation": 0.012566370614359171,
            "transform_matrix": [
                [
                    0.6021551489830017,
                    -0.635220468044281,
                    0.48363634943962097,
                    1.9496005773544312
                ],
                [
                    0.7983791828155518,
                    0.47909730672836304,
                    -0.36476919054985046,
                    -1.4704318046569824
                ],
                [
                    -1.4901162970204496e-08,
                    0.6057727932929993,
                    0.7956376075744629,
                    3.207318067550659
                ],
                [
                    0.0,
                    0.0,
                    0.0,
                    1.0
                ]
            ]
        },
        {
            "file_path": "./train/r_46",
            "rotation": 0.012566370614359171,
            "transform_matrix": [
                [
                    0.9999964833259583,
                    -0.0018918740097433329,
                    0.0018659689230844378,
                    0.007521961349993944
                ],
                [
                    0.0026572593487799168,
                    0.7119618654251099,
                    -0.7022131085395813,
                    -2.830711603164673
                ],
                [
                    0.0,
                    0.7022156119346619,
                    0.7119643688201904,
                    2.8700201511383057
                ],
                [
                    0.0,
                    0.0,
                    0.0,
                    1.0
                ]
            ]
        },
        {
            "file_path": "./train/r_49",
            "rotation": 0.012566370614359171,
            "transform_matrix": [
                [
                    0.3739576041698456,
                    -0.8564795851707458,
                    0.35580646991729736,
                    1.434301733970642
                ],
                [
                    0.9274457693099976,
                    0.3453431725502014,
                    -0.1434655785560608,
                    -0.5783282518386841
                ],
                [
                    0.0,
                    0.38364121317863464,
                    0.9234821796417236,
                    3.7226758003234863
                ],
                [
                    0.0,
                    0.0,
                    0.0,
                    1.0
                ]
            ]
        },
        {
            "file_path": "./train/r_55",
            "rotation": 0.012566370614359171,
            "transform_matrix": [
                [
                    0.933196485042572,
                    -0.07844070345163345,
                    0.3507015109062195,
                    1.413723111152649
                ],
                [
                    0.35936683416366577,
                    0.2036931961774826,
                    -0.9106944799423218,
                    -3.6711270809173584
                ],
                [
                    0.0,
                    0.9758873581886292,
                    0.21827472746372223,
                    0.8798936009407043
                ],
                [
                    0.0,
                    0.0,
                    0.0,
                    1.0
                ]
            ]
        },
        {
            "file_path": "./train/r_70",
            "rotation": 0.012566370614359171,
            "transform_matrix": [
                [
                    0.9624335765838623,
                    -0.0828590914607048,
                    0.2585652470588684,
                    1.0423099994659424
                ],
                [
                    0.271517276763916,
                    0.29370641708374023,
                    -0.9165232181549072,
                    -3.6946234703063965
                ],
                [
                    7.450580596923828e-09,
                    0.9522977471351624,
                    0.30517053604125977,
                    1.2301819324493408
                ],
                [
                    0.0,
                    0.0,
                    0.0,
                    1.0
                ]
            ]
        }
    ]
}
