{
    "camera_angle_x": 0.6911112070083618,
    "frames": [
        {
            "file_path": "./train/r_25",
            "rotation": 0.012566370614359171,
            "transform_matrix": [
                [
                    -0.1613457202911377,
                    -0.3997095823287964,
                    0.9023301005363464,
                    3.637409210205078
                ],
                [
                    0.9868979454040527,
                    -0.06534761935472488,
                    0.14751990139484406,
                    0.5946717858314514
                ],
                [
                    3.725290298461914e-09,
                    0.914309561252594,
                    0.40501612424850464,
                    1.6326723098754883
                ],
                [
                    0.0,
                    0.0,
                    0.0,
                    1.0
                ]
            ]
        },
        {
            "file_path": "./train/r_36",
            "rotation": 0.012566370614359171,
            "transform_matrix": [
                [
                    0.7656702995300293,
                    -0.4731244146823883,
                    0.4357779026031494,
                    1.7566769123077393
                ],
                [
                    0.6432332396507263,
                    0.5631818175315857,
                    -0.5187265872955322,
                    -2.0910537242889404
                ],
                [
                    2.9802320611338473e-08,
                    0.6774803400039673,
                    0.7355409264564514,
                    2.965060234069824
                ],
                [
                    0.0,
                    0.0,
                    0.0,
                    1.0
                ]
            ]
        },
        {
            "file_path": "./train/r_43",
            "rotation": 0.012566370614359171,
            "transform_matrix": [
                [
                    0.6021551489830017,
                    -0.635220468044281,
                    0.48363634943962097,
                    1.9496005773544312
                ],
                [
                    0.7983791828155518,
                    0.47909730672836304,
                    -0.36476919054985046,
                    -1.4704318046569824
                ],
                [
                    -1.4901162970204496e-08,
                    0.6057727932929993,
                    0.7956376075744629,
                    3.207318067550659
                ],
                [
                    0.0,
                    0.0,
                    0.0,
                    1.0
                ]
            ]
        },
        {
            "file_path": "./train/r_46",
            "rotation": 0.012566370614359171,
            "transform_matrix": [
                [
                    0.9999964833259583,
                    -0.0018918740097433329,
                    0.0018659689230844378,
                    0.007521961349993944
                ],
                [
                    0.0026572593487799168,
                    0.7119618654251099,
                    -0.7022131085395813,
                    -2.830711603164673
                ],
                [
                    0.0,
                    0.7022156119346619,
                    0.7119643688201904,
                    2.8700201511383057
                ],
                [
                    0.0,
                    0.0,
                    0.0,
                    1.0
                ]
            ]
        },
        {
            "file_path": "./train/r_49",
            "rotation": 0.012566370614359171,
            "transform_matrix": [
                [
                    0.3739576041698456,
                    -0.8564795851707458,
                    0.35580646991729736,
                    1.434301733970642
                ],
                [
                    0.9274457693099976,
                    0.3453431725502014,
                    -0.1434655785560608,
                    -0.5783282518386841
                ],
                [
                    0.0,
                    0.38364121317863464,
                    0.9234821796417236,
                    3.7226758003234863
                ],
                [
                    0.0,
                    0.0,
                    0.0,
                    1.0
                ]
            ]
        }
    ]
}
